<?xml version="1.0"?>

<KARMA ka_file_version="1.0">
	<ASSET id="D3ArchVile" graphic="ArchvileMesh.psk" scale="0.024" mass_scale="1" length_scale="1">
		<GEOMETRY id="chest">
			<PRIMITIVE id="chest_1" type="sphere">
				<RADIUS>0.224651</RADIUS>
				<TM>1,0,0,0,0,1,0,0,0,0,1,0,3.890991e-007,0.03038855,0.004459992,1</TM>
			</PRIMITIVE>
		</GEOMETRY>
		<GEOMETRY id="head">
			<PRIMITIVE id="head_1" type="sphere">
				<RADIUS>0.1362941</RADIUS>
				<TM>1,0,0,0,0,1,0,0,0,0,1,0,-0.0007360153,0.01835134,-0.03692949,1</TM>
			</PRIMITIVE>
		</GEOMETRY>
		<GEOMETRY id="hips">
			<PRIMITIVE id="hips_1" type="sphere">
				<RADIUS>0.09606695</RADIUS>
				<TM>1,0,0,0,0,1,0,0,0,0,1,0,6.127167e-005,0.01300245,0.01802458,1</TM>
			</PRIMITIVE>
		</GEOMETRY>
		<GEOMETRY id="jaw">
			<PRIMITIVE id="jaw_1" type="sphere">
				<RADIUS>0.04852109</RADIUS>
				<TM>1,0,0,0,0,1,0,0,0,0,1,0,0.04603006,-0.01269764,0.06182662,1</TM>
			</PRIMITIVE>
		</GEOMETRY>
		<GEOMETRY id="lankle_r">
			<PRIMITIVE id="lankle_r_1" type="sphyl">
				<RADIUS>0.1006649</RADIUS>
				<HEIGHT>0.2228874</HEIGHT>
				<TM>-0.1566853,8.605988e-008,-0.9876485,0,0.9876485,4.245474e-008,-0.1566853,0,1.221755e-007,-0.9999999,-1.547381e-007,0,2.212251e-008,-0.1114437,-1.758866e-008,1</TM>
			</PRIMITIVE>
		</GEOMETRY>
		<GEOMETRY id="lhand">
			<PRIMITIVE id="lhand_1" type="sphere">
				<RADIUS>0.139902</RADIUS>
				<TM>1,0,0,0,0,1,0,0,0,0,1,0,0.0475494,-0.04282483,0.003382027,1</TM>
			</PRIMITIVE>
		</GEOMETRY>
		<GEOMETRY id="lindex1">
			<PRIMITIVE id="lindex1_1" type="sphyl">
				<RADIUS>0.03238658</RADIUS>
				<HEIGHT>0.1312812</HEIGHT>
				<TM>-0.1841199,2.349707e-006,-0.9829038,0,0.9829038,-1.596876e-006,-0.1841199,0,-1.974528e-006,-1,-1.974737e-006,0,-6.211053e-008,-0.0656406,-1.235974e-007,1</TM>
			</PRIMITIVE>
		</GEOMETRY>
		<GEOMETRY id="lindex2">
			<PRIMITIVE id="lindex2_1" type="sphere">
				<RADIUS>0.02041909</RADIUS>
				<TM>1,0,0,0,0,1,0,0,0,0,1,0,0.001785735,-0.05681508,0.009253255,1</TM>
			</PRIMITIVE>
		</GEOMETRY>
		<GEOMETRY id="lloarm">
			<PRIMITIVE id="lloarm_1" type="sphyl">
				<RADIUS>0.09083819</RADIUS>
				<HEIGHT>0.3834096</HEIGHT>
				<TM>0.1747158,0.004153832,-0.9846102,0,0.9821951,0.0693886,0.17458,0,0.06904593,-0.9975811,0.00804337,0,0.01323642,-0.1912411,0.001541983,1</TM>
			</PRIMITIVE>
		</GEOMETRY>
		<GEOMETRY id="lloleg">
			<PRIMITIVE id="lloleg_1" type="sphere">
				<RADIUS>0.1180353</RADIUS>
				<TM>1,0,0,0,0,1,0,0,0,0,1,0,-0.02043335,-0.3532265,0.03695123,1</TM>
			</PRIMITIVE>
		</GEOMETRY>
		<GEOMETRY id="lmiddle1">
			<PRIMITIVE id="lmiddle1_1" type="sphyl">
				<RADIUS>0.03256891</RADIUS>
				<HEIGHT>0.1430131</HEIGHT>
				<TM>0.5475662,2.259014e-006,-0.8367625,0,0.8367625,-1.440295e-006,0.5475664,0,6.018567e-008,-1,-2.664969e-006,0,4.192353e-008,-0.07150657,-2.414159e-007,1</TM>
			</PRIMITIVE>
		</GEOMETRY>
		<GEOMETRY id="lmiddle2">
			<PRIMITIVE id="lmiddle2_1" type="sphere">
				<RADIUS>0.02948931</RADIUS>
				<TM>1,0,0,0,0,1,0,0,0,0,1,0,-0.02344289,-0.06225539,0.006292096,1</TM>
			</PRIMITIVE>
		</GEOMETRY>
		<GEOMETRY id="lpinky2">
			<PRIMITIVE id="lpinky2_1" type="sphere">
				<RADIUS>0.02298902</RADIUS>
				<TM>1,0,0,0,0,1,0,0,0,0,1,0,0.005072853,-0.04421065,-0.008427916,1</TM>
			</PRIMITIVE>
		</GEOMETRY>
		<GEOMETRY id="lring1">
			<PRIMITIVE id="lring1_1" type="sphyl">
				<RADIUS>0.0342176</RADIUS>
				<HEIGHT>0.1454664</HEIGHT>
				<TM>0.6829306,0.02504732,-0.7300538,0,0.7300351,0.01161007,0.6833112,0,0.02559113,-0.999619,-0.01035655,0,0.001861336,-0.07270547,-0.0007533282,1</TM>
			</PRIMITIVE>
		</GEOMETRY>
		<GEOMETRY id="lshldr">
			<PRIMITIVE id="lshldr_1" type="sphyl">
				<RADIUS>0.06768262</RADIUS>
				<HEIGHT>0.1446045</HEIGHT>
				<TM>-0.09387089,0.003309448,-0.9955789,0,0.9955844,0.0003110839,-0.09387039,0,-9.53351e-007,-0.9999945,-0.003324039,0,-7.965886e-008,-0.07230185,-0.0002404015,1</TM>
			</PRIMITIVE>
		</GEOMETRY>
		<GEOMETRY id="lthumb1">
			<PRIMITIVE id="lthumb1_1" type="sphyl">
				<RADIUS>0.02904103</RADIUS>
				<HEIGHT>0.1321837</HEIGHT>
				<TM>0.1481125,-0.0697628,0.986507,0,-0.9203513,-0.3748099,0.1116746,0,0.3619618,-0.9244733,-0.1197203,0,0.02392272,-0.06110019,-0.007912507,1</TM>
			</PRIMITIVE>
		</GEOMETRY>
		<GEOMETRY id="lthumb2">
			<PRIMITIVE id="lthumb2_1" type="sphyl">
				<RADIUS>0.02392047</RADIUS>
				<HEIGHT>0.1169459</HEIGHT>
				<TM>-0.8523547,2.132309e-006,-0.5229644,0,0.5229644,5.270484e-007,-0.8523546,0,-1.544387e-006,-1,-1.458612e-006,0,-7.029408e-008,-0.05847296,-3.128647e-008,1</TM>
			</PRIMITIVE>
		</GEOMETRY>
		<GEOMETRY id="lthumb3">
			<PRIMITIVE id="lthumb3_1" type="sphere">
				<RADIUS>0.01478118</RADIUS>
				<TM>1,0,0,0,0,1,0,0,0,0,1,0,0.005038991,-0.05006601,-0.01775453,1</TM>
			</PRIMITIVE>
		</GEOMETRY>
		<GEOMETRY id="ltoe_r">
			<PRIMITIVE id="ltoe_r_1" type="sphere">
				<RADIUS>0.04834358</RADIUS>
				<TM>1,0,0,0,0,1,0,0,0,0,1,0,-0.01104894,-0.1221235,0.0227625,1</TM>
			</PRIMITIVE>
		</GEOMETRY>
		<GEOMETRY id="luparm">
			<PRIMITIVE id="luparm_1" type="sphyl">
				<RADIUS>0.09198415</RADIUS>
				<HEIGHT>0.3618249</HEIGHT>
				<TM>-0.03285589,-0.0409122,-0.9986224,0,0.9890241,-0.1453438,-0.02658557,0,-0.1440559,-0.9885351,0.04523851,0,-0.0260615,-0.1788383,0.008184176,1</TM>
			</PRIMITIVE>
		</GEOMETRY>
		<GEOMETRY id="lupleg">
			<PRIMITIVE id="lupleg_1" type="sphyl">
				<RADIUS>0.1671013</RADIUS>
				<HEIGHT>0.5914878</HEIGHT>
				<TM>0.589565,-9.068066e-008,-0.807721,0,0.807721,3.517205e-007,0.589565,0,2.165346e-007,-1,3.073539e-007,0,6.400101e-008,-0.2957439,1.055594e-007,1</TM>
			</PRIMITIVE>
		</GEOMETRY>
		<GEOMETRY id="neck">
			<PRIMITIVE id="neck_1" type="sphyl">
				<RADIUS>0.07542112</RADIUS>
				<HEIGHT>0.0612115</HEIGHT>
				<TM>-0.0001478128,-8.382392e-007,-1,0,1,-3.947047e-007,-0.0001478128,0,-3.945895e-007,-1,7.756e-007,0,-1.207921e-008,-0.03060574,-2.375292e-008,1</TM>
			</PRIMITIVE>
		</GEOMETRY>
		<GEOMETRY id="rankle_r">
			<PRIMITIVE id="rankle_r_1" type="sphyl">
				<RADIUS>0.1006647</RADIUS>
				<HEIGHT>0.2228872</HEIGHT>
				<TM>0.1573815,-5.219415e-007,-0.987538,0,0.987538,3.232474e-007,0.1573816,0,3.164327e-007,-1,7.207079e-007,0,1.896754e-008,-0.1114436,8.294876e-008,1</TM>
			</PRIMITIVE>
		</GEOMETRY>
		<GEOMETRY id="rhand">
			<PRIMITIVE id="rhand_1" type="sphere">
				<RADIUS>0.1051248</RADIUS>
				<TM>1,0,0,0,0,1,0,0,0,0,1,0,-0.03835696,0.007095005,-0.00614439,1</TM>
			</PRIMITIVE>
		</GEOMETRY>
		<GEOMETRY id="rindex1">
			<PRIMITIVE id="rindex1_1" type="sphyl">
				<RADIUS>0.02888631</RADIUS>
				<HEIGHT>0.1312811</HEIGHT>
				<TM>0.5156655,0.02757595,-0.8563461,0,0.8530107,0.07724994,0.5161448,0,0.08038575,-0.9966304,0.0163126,0,0.005276541,-0.06541938,0.001070733,1</TM>
			</PRIMITIVE>
		</GEOMETRY>
		<GEOMETRY id="rindex2">
			<PRIMITIVE id="rindex2_1" type="sphere">
				<RADIUS>0.02235683</RADIUS>
				<TM>1,0,0,0,0,1,0,0,0,0,1,0,-0.002941529,-0.05960723,0.005862246,1</TM>
			</PRIMITIVE>
		</GEOMETRY>
		<GEOMETRY id="rloarm">
			<PRIMITIVE id="rloarm_1" type="sphyl">
				<RADIUS>0.09149348</RADIUS>
				<HEIGHT>0.379129</HEIGHT>
				<TM>0.143084,-0.002288441,0.989708,0,-0.9872283,0.0704513,0.1428883,0,-0.07005328,-0.9975127,0.007821308,0,-0.01327962,-0.189093,0.001482683,1</TM>
			</PRIMITIVE>
		</GEOMETRY>
		<GEOMETRY id="rloleg">
			<PRIMITIVE id="rloleg_1" type="sphere">
				<RADIUS>0.1180353</RADIUS>
				<TM>1,0,0,0,0,1,0,0,0,0,1,0,0.02051442,-0.3532069,0.03685014,1</TM>
			</PRIMITIVE>
		</GEOMETRY>
		<GEOMETRY id="rmiddle1">
			<PRIMITIVE id="rmiddle1_1" type="sphyl">
				<RADIUS>0.03189632</RADIUS>
				<HEIGHT>0.143013</HEIGHT>
				<TM>0.4368012,-0.006919579,0.8995316,0,-0.8992866,-0.02792825,0.4364674,0,0.0221021,-0.9995861,-0.01842174,0,0.001580422,-0.07147688,-0.001317346,1</TM>
			</PRIMITIVE>
		</GEOMETRY>
		<GEOMETRY id="rmiddle2">
			<PRIMITIVE id="rmiddle2_1" type="sphere">
				<RADIUS>0.01975007</RADIUS>
				<TM>1,0,0,0,0,1,0,0,0,0,1,0,-0.009252828,-0.06312196,-0.003106484,1</TM>
			</PRIMITIVE>
		</GEOMETRY>
		<GEOMETRY id="rpinky1">
			<PRIMITIVE id="rpinky1_1" type="sphyl">
				<RADIUS>0.01086967</RADIUS>
				<HEIGHT>0.1094121</HEIGHT>
				<TM>0.312033,-0.006304806,0.9500505,0,-0.9478932,-0.06973948,0.3108616,0,0.06429602,-0.9975454,-0.02773735,0,0.003517357,-0.05457174,-0.00151733,1</TM>
			</PRIMITIVE>
		</GEOMETRY>
		<GEOMETRY id="rpinky2">
			<PRIMITIVE id="rpinky2_1" type="sphere">
				<RADIUS>0.01945709</RADIUS>
				<TM>1,0,0,0,0,1,0,0,0,0,1,0,0.007776004,-0.04538059,-0.002237979,1</TM>
			</PRIMITIVE>
		</GEOMETRY>
		<GEOMETRY id="rring1">
			<PRIMITIVE id="rring1_1" type="sphyl">
				<RADIUS>0.03740428</RADIUS>
				<HEIGHT>0.145466</HEIGHT>
				<TM>0.3017198,-0.1537743,0.9409138,0,-0.9527491,-0.01226519,0.3035105,0,-0.03513172,-0.98803,-0.1502091,0,-0.002555245,-0.07186233,-0.01092513,1</TM>
			</PRIMITIVE>
		</GEOMETRY>
		<GEOMETRY id="rshldr">
			<PRIMITIVE id="rshldr_1" type="sphyl">
				<RADIUS>0.06668615</RADIUS>
				<HEIGHT>0.128361</HEIGHT>
				<TM>-0.09381504,0.009303607,0.9955462,0,-0.9955897,-0.0009277624,-0.09381056,0,5.08489e-005,-0.9999564,0.00934958,0,3.272931e-006,-0.06417769,0.0006000472,1</TM>
			</PRIMITIVE>
		</GEOMETRY>
		<GEOMETRY id="rthumb1">
			<PRIMITIVE id="rthumb1_1" type="sphyl">
				<RADIUS>0.03959429</RADIUS>
				<HEIGHT>0.1321836</HEIGHT>
				<TM>-0.08990132,4.810438e-007,-0.9959508,0,0.9959508,-8.073436e-007,-0.08990126,0,-9.012412e-007,-1,-4.196033e-007,0,-8.093672e-008,-0.06609181,-6.980227e-008,1</TM>
			</PRIMITIVE>
		</GEOMETRY>
		<GEOMETRY id="rthumb2">
			<PRIMITIVE id="rthumb2_1" type="sphyl">
				<RADIUS>0.03165456</RADIUS>
				<HEIGHT>0.1176737</HEIGHT>
				<TM>0.3037063,0.132286,-0.9435375,0,0.952063,-0.08016439,0.2952114,0,-0.03658584,-0.9879647,-0.150291,0,-0.002152598,-0.05812876,-0.008842676,1</TM>
			</PRIMITIVE>
		</GEOMETRY>
		<GEOMETRY id="rthumb3">
			<PRIMITIVE id="rthumb3_1" type="sphere">
				<RADIUS>0.01549305</RADIUS>
				<TM>1,0,0,0,0,1,0,0,0,0,1,0,-0.02036516,-0.05223921,-0.0009136763,1</TM>
			</PRIMITIVE>
		</GEOMETRY>
		<GEOMETRY id="rtoe_r">
			<PRIMITIVE id="rtoe_r_1" type="sphere">
				<RADIUS>0.04834358</RADIUS>
				<TM>1,0,0,0,0,1,0,0,0,0,1,0,0.01091678,-0.1221117,0.02276242,1</TM>
			</PRIMITIVE>
		</GEOMETRY>
		<GEOMETRY id="ruparm">
			<PRIMITIVE id="ruparm_1" type="sphyl">
				<RADIUS>0.0916888</RADIUS>
				<HEIGHT>0.3725206</HEIGHT>
				<TM>-0.05753962,0.05506758,0.9968234,0,-0.9888206,-0.140724,-0.0493037,0,0.1375619,-0.9885163,0.06254924,0,0.02562232,-0.1841213,0.01165054,1</TM>
			</PRIMITIVE>
		</GEOMETRY>
		<GEOMETRY id="rupleg">
			<PRIMITIVE id="rupleg_1" type="sphyl">
				<RADIUS>0.1471637</RADIUS>
				<HEIGHT>0.5914884</HEIGHT>
				<TM>0.5884994,2.355177e-007,0.8084978,0,-0.8084977,9.766462e-008,0.5884994,0,7.967606e-008,-1,2.684342e-007,0,1.813418e-008,-0.2957442,7.531568e-008,1</TM>
			</PRIMITIVE>
		</GEOMETRY>
		<MODEL id="body" type="dynamics_only">
			<DYNAMICS>
				<MASS>4.405503e-005</MASS>
				<DENSITY>1</DENSITY>
				<MASS_OFFSET>0,0,0</MASS_OFFSET>
				<INERTIA>1.762201e-009,0,0,1.762201e-009,0,1.762201e-009</INERTIA>
				<LIN_DAMP>0</LIN_DAMP>
				<ANG_DAMP>0</ANG_DAMP>
				<FAST_SPIN>0,1,0</FAST_SPIN>
				<USE_FAST_SPIN>0</USE_FAST_SPIN>
			</DYNAMICS>
		</MODEL>
		<MODEL id="chest" type="dynamics_and_geometry" geometry="chest">
			<DYNAMICS>
				<MASS>0.6659773</MASS>
				<DENSITY>1</DENSITY>
				<MASS_OFFSET>3.890991e-007,0.03038855,0.004459992</MASS_OFFSET>
				<INERTIA>0.01344424,0,0,0.01344424,0,0.01344424</INERTIA>
				<LIN_DAMP>0</LIN_DAMP>
				<ANG_DAMP>0</ANG_DAMP>
				<FAST_SPIN>0,1,0</FAST_SPIN>
				<USE_FAST_SPIN>0</USE_FAST_SPIN>
			</DYNAMICS>
		</MODEL>
		<MODEL id="head" type="dynamics_and_geometry" geometry="head">
			<DYNAMICS>
				<MASS>0.1487186</MASS>
				<DENSITY>1</DENSITY>
				<MASS_OFFSET>-0.0007360153,0.01835134,-0.03692949</MASS_OFFSET>
				<INERTIA>0.001105043,0,0,0.001105043,0,0.001105043</INERTIA>
				<LIN_DAMP>0</LIN_DAMP>
				<ANG_DAMP>0</ANG_DAMP>
				<FAST_SPIN>0,1,0</FAST_SPIN>
				<USE_FAST_SPIN>0</USE_FAST_SPIN>
			</DYNAMICS>
		</MODEL>
		<MODEL id="head_tracking" type="dynamics_only">
			<DYNAMICS>
				<MASS>4.405503e-005</MASS>
				<DENSITY>1</DENSITY>
				<MASS_OFFSET>0,0,0</MASS_OFFSET>
				<INERTIA>1.762201e-009,0,0,1.762201e-009,0,1.762201e-009</INERTIA>
				<LIN_DAMP>0</LIN_DAMP>
				<ANG_DAMP>0</ANG_DAMP>
				<FAST_SPIN>0,1,0</FAST_SPIN>
				<USE_FAST_SPIN>0</USE_FAST_SPIN>
			</DYNAMICS>
		</MODEL>
		<MODEL id="hips" type="dynamics_and_geometry" geometry="hips">
			<DYNAMICS>
				<MASS>0.05207824</MASS>
				<DENSITY>1</DENSITY>
				<MASS_OFFSET>6.127167e-005,0.01300245,0.01802458</MASS_OFFSET>
				<INERTIA>0.0001922491,0,0,0.0001922491,0,0.0001922491</INERTIA>
				<LIN_DAMP>0</LIN_DAMP>
				<ANG_DAMP>0</ANG_DAMP>
				<FAST_SPIN>0,1,0</FAST_SPIN>
				<USE_FAST_SPIN>0</USE_FAST_SPIN>
			</DYNAMICS>
		</MODEL>
		<MODEL id="lankle_r" type="dynamics_and_geometry" geometry="lankle_r">
			<DYNAMICS>
				<MASS>0.1597959</MASS>
				<DENSITY>1</DENSITY>
				<MASS_OFFSET>2.212251e-008,-0.1114437,-1.758866e-008</MASS_OFFSET>
				<INERTIA>0.002110954,-3.886979e-011,4.24197e-011,0.0008096391,-6.818466e-011,0.002110953</INERTIA>
				<LIN_DAMP>0</LIN_DAMP>
				<ANG_DAMP>0</ANG_DAMP>
				<FAST_SPIN>0,1,0</FAST_SPIN>
				<USE_FAST_SPIN>0</USE_FAST_SPIN>
			</DYNAMICS>
		</MODEL>
		<MODEL id="lloarm" type="dynamics_and_geometry" geometry="lloarm">
			<DYNAMICS>
				<MASS>0.1836818</MASS>
				<DENSITY>1</DENSITY>
				<MASS_OFFSET>0.01323642,-0.1912411,0.001541983</MASS_OFFSET>
				<INERTIA>0.004270071,0.0002430779,-1.959859e-006,0.0007748849,2.831707e-005,0.004286667</INERTIA>
				<LIN_DAMP>0</LIN_DAMP>
				<ANG_DAMP>0</ANG_DAMP>
				<FAST_SPIN>0,1,0</FAST_SPIN>
				<USE_FAST_SPIN>0</USE_FAST_SPIN>
			</DYNAMICS>
		</MODEL>
		<MODEL id="lloleg" type="dynamics_and_geometry" geometry="lloleg">
			<DYNAMICS>
				<MASS>0.09659848</MASS>
				<DENSITY>1</DENSITY>
				<MASS_OFFSET>-0.02043335,-0.3532265,0.03695123</MASS_OFFSET>
				<INERTIA>0.000538337,0,0,0.000538337,0,0.000538337</INERTIA>
				<LIN_DAMP>0</LIN_DAMP>
				<ANG_DAMP>0</ANG_DAMP>
				<FAST_SPIN>0,1,0</FAST_SPIN>
				<USE_FAST_SPIN>0</USE_FAST_SPIN>
			</DYNAMICS>
		</MODEL>
		<MODEL id="lshldr" type="dynamics_and_geometry" geometry="lshldr">
			<DYNAMICS>
				<MASS>0.04750893</MASS>
				<DENSITY>1</DENSITY>
				<MASS_OFFSET>-7.965886e-008,-0.07230185,-0.0002404015</MASS_OFFSET>
				<INERTIA>0.0002738129,-1.565364e-010,-2.489291e-012,0.0001088195,-5.484464e-007,0.000273811</INERTIA>
				<LIN_DAMP>0</LIN_DAMP>
				<ANG_DAMP>0</ANG_DAMP>
				<FAST_SPIN>0,1,0</FAST_SPIN>
				<USE_FAST_SPIN>0</USE_FAST_SPIN>
			</DYNAMICS>
		</MODEL>
		<MODEL id="luparm" type="dynamics_and_geometry" geometry="luparm">
			<DYNAMICS>
				<MASS>0.1808728</MASS>
				<DENSITY>1</DENSITY>
				<MASS_OFFSET>-0.0260615,-0.1788383,0.008184176</MASS_OFFSET>
				<INERTIA>0.0038658,-0.0004508972,2.063442e-005,0.0008373776,0.0001415974,0.003925027</INERTIA>
				<LIN_DAMP>0</LIN_DAMP>
				<ANG_DAMP>0</ANG_DAMP>
				<FAST_SPIN>0,1,0</FAST_SPIN>
				<USE_FAST_SPIN>0</USE_FAST_SPIN>
			</DYNAMICS>
		</MODEL>
		<MODEL id="lupleg" type="dynamics_and_geometry" geometry="lupleg">
			<DYNAMICS>
				<MASS>1.003399</MASS>
				<DENSITY>1</DENSITY>
				<MASS_OFFSET>6.400101e-008,-0.2957439,1.055594e-007</MASS_OFFSET>
				<INERTIA>0.06263707,1.141257e-008,-2.201116e-009,0.01400887,1.32707e-008,0.06263708</INERTIA>
				<LIN_DAMP>0</LIN_DAMP>
				<ANG_DAMP>0</ANG_DAMP>
				<FAST_SPIN>0,1,0</FAST_SPIN>
				<USE_FAST_SPIN>0</USE_FAST_SPIN>
			</DYNAMICS>
		</MODEL>
		<MODEL id="neck" type="dynamics_and_geometry" geometry="neck">
			<DYNAMICS>
				<MASS>0.04069735</MASS>
				<DENSITY>1</DENSITY>
				<MASS_OFFSET>-1.207921e-008,-0.03060574,-2.375292e-008</MASS_OFFSET>
				<INERTIA>0.0001473198,-1.24557e-011,-3.542464e-017,0.0001157503,3.372187e-011,0.0001473198</INERTIA>
				<LIN_DAMP>0</LIN_DAMP>
				<ANG_DAMP>0</ANG_DAMP>
				<FAST_SPIN>0,1,0</FAST_SPIN>
				<USE_FAST_SPIN>0</USE_FAST_SPIN>
			</DYNAMICS>
		</MODEL>
		<MODEL id="origin" type="dynamics_only">
			<DYNAMICS>
				<MASS>4.405503e-005</MASS>
				<DENSITY>1</DENSITY>
				<MASS_OFFSET>0,0,0</MASS_OFFSET>
				<INERTIA>1.762201e-009,0,0,1.762201e-009,0,1.762201e-009</INERTIA>
				<LIN_DAMP>0</LIN_DAMP>
				<ANG_DAMP>0</ANG_DAMP>
				<FAST_SPIN>0,1,0</FAST_SPIN>
				<USE_FAST_SPIN>0</USE_FAST_SPIN>
			</DYNAMICS>
		</MODEL>
		<MODEL id="rankle_r" type="dynamics_and_geometry" geometry="rankle_r">
			<DYNAMICS>
				<MASS>0.1597952</MASS>
				<DENSITY>1</DENSITY>
				<MASS_OFFSET>1.896754e-008,-0.1114436,8.294876e-008</MASS_OFFSET>
				<INERTIA>0.002110938,2.442566e-010,1.863807e-010,0.0008096325,6.11937e-010,0.002110938</INERTIA>
				<LIN_DAMP>0</LIN_DAMP>
				<ANG_DAMP>0</ANG_DAMP>
				<FAST_SPIN>0,1,0</FAST_SPIN>
				<USE_FAST_SPIN>0</USE_FAST_SPIN>
			</DYNAMICS>
		</MODEL>
		<MODEL id="rloarm" type="dynamics_and_geometry" geometry="rloarm">
			<DYNAMICS>
				<MASS>0.185087</MASS>
				<DENSITY>1</DENSITY>
				<MASS_OFFSET>-0.01327962,-0.189093,0.001482683</MASS_OFFSET>
				<INERTIA>0.004255215,-0.000244415,1.916776e-006,0.0007920659,2.728817e-005,0.004272166</INERTIA>
				<LIN_DAMP>0</LIN_DAMP>
				<ANG_DAMP>0</ANG_DAMP>
				<FAST_SPIN>0,1,0</FAST_SPIN>
				<USE_FAST_SPIN>0</USE_FAST_SPIN>
			</DYNAMICS>
		</MODEL>
		<MODEL id="rloleg" type="dynamics_and_geometry" geometry="rloleg">
			<DYNAMICS>
				<MASS>0.09659854</MASS>
				<DENSITY>1</DENSITY>
				<MASS_OFFSET>0.02051442,-0.3532069,0.03685014</MASS_OFFSET>
				<INERTIA>0.0005383376,0,0,0.0005383376,0,0.0005383376</INERTIA>
				<LIN_DAMP>0</LIN_DAMP>
				<ANG_DAMP>0</ANG_DAMP>
				<FAST_SPIN>0,1,0</FAST_SPIN>
				<USE_FAST_SPIN>0</USE_FAST_SPIN>
			</DYNAMICS>
		</MODEL>
		<MODEL id="rot" type="dynamics_only">
			<DYNAMICS>
				<MASS>4.405503e-005</MASS>
				<DENSITY>1</DENSITY>
				<MASS_OFFSET>0,0,0</MASS_OFFSET>
				<INERTIA>1.762201e-009,0,0,1.762201e-009,0,1.762201e-009</INERTIA>
				<LIN_DAMP>0</LIN_DAMP>
				<ANG_DAMP>0</ANG_DAMP>
				<FAST_SPIN>0,1,0</FAST_SPIN>
				<USE_FAST_SPIN>0</USE_FAST_SPIN>
			</DYNAMICS>
		</MODEL>
		<MODEL id="rshldr" type="dynamics_and_geometry" geometry="rshldr">
			<DYNAMICS>
				<MASS>0.04267605</MASS>
				<DENSITY>1</DENSITY>
				<MASS_OFFSET>3.272931e-006,-0.06417769,0.0006000472</MASS_OFFSET>
				<INERTIA>0.0002161932,6.169039e-009,-3.899437e-011,9.490172e-005,1.134081e-006,0.0002161826</INERTIA>
				<LIN_DAMP>0</LIN_DAMP>
				<ANG_DAMP>0</ANG_DAMP>
				<FAST_SPIN>0,1,0</FAST_SPIN>
				<USE_FAST_SPIN>0</USE_FAST_SPIN>
			</DYNAMICS>
		</MODEL>
		<MODEL id="ruparm" type="dynamics_and_geometry" geometry="ruparm">
			<DYNAMICS>
				<MASS>0.1835277</MASS>
				<DENSITY>1</DENSITY>
				<MASS_OFFSET>0.02562232,-0.1841213,0.01165054</MASS_OFFSET>
				<INERTIA>0.004077452,0.0004582294,-2.899456e-005,0.0008483948,0.0002083559,0.004128035</INERTIA>
				<LIN_DAMP>0</LIN_DAMP>
				<ANG_DAMP>0</ANG_DAMP>
				<FAST_SPIN>0,1,0</FAST_SPIN>
				<USE_FAST_SPIN>0</USE_FAST_SPIN>
			</DYNAMICS>
		</MODEL>
		<MODEL id="rupleg" type="dynamics_and_geometry" geometry="rupleg">
			<DYNAMICS>
				<MASS>0.7527231</MASS>
				<DENSITY>1</DENSITY>
				<MASS_OFFSET>1.813418e-008,-0.2957442,7.531568e-008</MASS_OFFSET>
				<INERTIA>0.04311728,1.922098e-009,-5.653934e-010,0.008150926,8.500404e-009,0.04311729</INERTIA>
				<LIN_DAMP>0</LIN_DAMP>
				<ANG_DAMP>0</ANG_DAMP>
				<FAST_SPIN>0,1,0</FAST_SPIN>
				<USE_FAST_SPIN>0</USE_FAST_SPIN>
			</DYNAMICS>
		</MODEL>
		<MODEL id="shldrs" type="dynamics_only">
			<DYNAMICS>
				<MASS>4.405503e-005</MASS>
				<DENSITY>1</DENSITY>
				<MASS_OFFSET>0,0,0</MASS_OFFSET>
				<INERTIA>1.762201e-009,0,0,1.762201e-009,0,1.762201e-009</INERTIA>
				<LIN_DAMP>0</LIN_DAMP>
				<ANG_DAMP>0</ANG_DAMP>
				<FAST_SPIN>0,1,0</FAST_SPIN>
				<USE_FAST_SPIN>0</USE_FAST_SPIN>
			</DYNAMICS>
		</MODEL>
		<MODEL id="waist" type="dynamics_only">
			<DYNAMICS>
				<MASS>4.405503e-005</MASS>
				<DENSITY>1</DENSITY>
				<MASS_OFFSET>0,0,0</MASS_OFFSET>
				<INERTIA>1.762201e-009,0,0,1.762201e-009,0,1.762201e-009</INERTIA>
				<LIN_DAMP>0</LIN_DAMP>
				<ANG_DAMP>0</ANG_DAMP>
				<FAST_SPIN>0,1,0</FAST_SPIN>
				<USE_FAST_SPIN>0</USE_FAST_SPIN>
			</DYNAMICS>
		</MODEL>
		<PART id="body" model="body" parent="origin">
			<TM>-0.0001911673,2.49665e-005,-1,0,-0.24891,-0.9685266,2.340274e-005,0,-0.9685266,0.24891,0.000191365,0,-0.05112689,1.525973,-1.026614e-007,1</TM>
		</PART>
		<PART id="chest" model="chest" parent="waist">
			<TM>-0.0001910756,2.487115e-005,-1,0,0.1272898,-0.9918656,-4.899082e-005,0,-0.9918656,-0.1272898,0.0001863555,0,-0.05299756,1.771715,6.138562e-006,1</TM>
		</PART>
		<PART id="head" model="head" parent="head_tracking">
			<TM>0.4542682,-0.4104696,-0.7906675,0,0.721559,-0.351002,0.5967832,0,-0.5224872,-0.8416129,0.1367289,0,0.09706784,2.126405,-4.993925e-005,1</TM>
		</PART>
		<PART id="head_tracking" model="head_tracking" parent="neck">
			<TM>0.0007479001,-0.0002717084,0.9999997,0,-0.005007846,-0.9999874,-0.0002679598,0,0.9999872,-0.005007644,-0.0007492514,0,0.000274728,2.054345,2.867526e-006,1</TM>
		</PART>
		<PART id="hips" model="hips" parent="body">
			<TM>0.0006583891,-0.0001067742,0.9999998,0,-0.09718447,-0.9952664,-4.228358e-005,0,0.9952661,-0.09718442,-0.0006656493,0,-0.03660868,1.442166,-7.036264e-005,1</TM>
		</PART>
		<PART id="lankle_r" model="lankle_r" parent="lloleg">
			<TM>0.2410504,0.0001028258,-0.9705126,0,-0.7470077,0.6384203,-0.1854699,0,0.6195759,0.769688,0.1539683,0,-0.06257863,0.142261,0.2986988,1</TM>
		</PART>
		<PART id="lloarm" model="lloarm" parent="luparm">
			<TM>0.9285424,0.01336011,-0.3709858,0,-0.3333518,0.4697704,-0.8174303,0,0.1633572,0.8826875,0.4406554,0,-0.1054706,1.72806,0.5462272,1</TM>
		</PART>
		<PART id="lloleg" model="lloleg" parent="lupleg">
			<TM>0.7855266,0.001705011,0.6188256,0,0.1183547,0.9811225,-0.1529407,0,-0.6074044,0.1933799,0.770496,0,0.01447446,0.781005,0.1991292,1</TM>
		</PART>
		<PART id="lshldr" model="lshldr" parent="shldrs">
			<TM>0.9955433,0.09430527,-0.0001876645,0,0.009377786,-0.1009773,-0.9948446,0,-0.09383804,0.9904091,-0.1014116,0,-0.04114951,1.89449,0.09516022,1</TM>
		</PART>
		<PART id="luparm" model="luparm" parent="lshldr">
			<TM>0.9989982,0.01293281,0.04283964,0,0.02902435,0.541388,-0.8402718,0,-0.03405995,0.8406734,0.5404702,0,-0.0424607,1.908616,0.2390674,1</TM>
		</PART>
		<PART id="lupleg" model="lupleg" parent="hips">
			<TM>0.801706,0.006075553,-0.5976877,0,-0.1218264,0.980619,-0.1534432,0,0.5851716,0.1958305,0.7869083,0,-0.05758457,1.361029,0.1083694,1</TM>
		</PART>
		<PART id="neck" model="neck" parent="shldrs">
			<TM>-0.0001909665,2.394613e-005,-1,0,-0.7384894,-0.6742651,0.0001248807,0,-0.6742651,0.7384894,0.000146446,0,-0.04492948,2.013072,1.048754e-005,1</TM>
		</PART>
		<PART id="origin" model="origin">
			<TM>2.053469e-012,-2.026558e-006,1,0,2.026558e-006,-1,-2.026558e-006,0,1,2.026558e-006,2.053469e-012,0,0,0,0,1</TM>
		</PART>
		<PART id="rankle_r" model="rankle_r" parent="rloleg">
			<TM>-0.2423215,0.0001028517,-0.970196,0,-0.7467644,0.6383803,0.1865837,0,0.6193733,0.769721,-0.1546165,0,-0.06297136,0.1423239,-0.2990813,1</TM>
		</PART>
		<PART id="rloarm" model="rloarm" parent="ruparm">
			<TM>-0.9373749,-0.03277608,-0.3467767,0,-0.3211918,0.4665425,0.8241201,0,0.1347746,0.8838913,-0.4478526,0,-0.1086392,1.726045,-0.5442973,1</TM>
		</PART>
		<PART id="rloleg" model="rloleg" parent="rupleg">
			<TM>-0.7847113,-0.001836867,0.6198587,0,0.1185555,0.9810901,0.1529928,0,-0.6084183,0.1935429,-0.7696548,0,0.01421236,0.7810473,-0.1994774,1</TM>
		</PART>
		<PART id="rot" model="rot" parent="body">
			<TM>-0.0001908542,2.442125e-005,-1,0,-1,-2.327208e-006,0.0001908541,0,-2.322547e-006,1,2.44217e-005,0,3.334986e-007,7.236263e-007,-4.717705e-005,1</TM>
		</PART>
		<PART id="rshldr" model="rshldr" parent="shldrs">
			<TM>-0.9955434,-0.09430402,0.0001363971,0,0.008737088,-0.09079488,0.9958313,0,-0.09389851,0.9913945,0.09121419,0,-0.04130888,1.895784,-0.09867373,1</TM>
		</PART>
		<PART id="ruparm" model="ruparm" parent="rshldr">
			<TM>-0.9975396,-0.0299516,0.0633848,0,0.03688242,0.544682,0.8378313,0,-0.05961894,0.8381076,-0.5422371,0,-0.04254959,1.908627,-0.2263849,1</TM>
		</PART>
		<PART id="rupleg" model="rupleg" parent="hips">
			<TM>-0.8024948,-0.005950116,-0.5966294,0,-0.1216246,0.9805863,0.1538115,0,0.5841315,0.1959977,-0.7876391,0,-0.05772736,1.361053,-0.1084996,1</TM>
		</PART>
		<PART id="shldrs" model="shldrs" parent="chest">
			<TM>-0.0001908667,2.389349e-005,-1,0,-0.4386569,-0.8986546,6.225303e-005,0,-0.8986546,0.4386569,0.0001820043,0,-0.07578124,1.949248,1.48185e-005,1</TM>
		</PART>
		<PART id="waist" model="waist" parent="rot">
			<TM>-0.0001908602,2.399558e-005,-1,0,0.2094353,-0.9778225,-6.343629e-005,0,-0.9778225,-0.2094353,0.0001816019,0,-0.02574803,1.644491,-2.160242e-006,1</TM>
		</PART>
		<NO_COLLISION part1="body" part2="hips"></NO_COLLISION>
		<NO_COLLISION part1="body" part2="origin"></NO_COLLISION>
		<NO_COLLISION part1="body" part2="rot"></NO_COLLISION>
		<NO_COLLISION part1="chest" part2="hips"></NO_COLLISION>
		<NO_COLLISION part1="chest" part2="lshldr"></NO_COLLISION>
		<NO_COLLISION part1="chest" part2="luparm"></NO_COLLISION>
		<NO_COLLISION part1="chest" part2="lupleg"></NO_COLLISION>
		<NO_COLLISION part1="chest" part2="neck"></NO_COLLISION>
		<NO_COLLISION part1="chest" part2="rshldr"></NO_COLLISION>
		<NO_COLLISION part1="chest" part2="ruparm"></NO_COLLISION>
		<NO_COLLISION part1="chest" part2="shldrs"></NO_COLLISION>
		<NO_COLLISION part1="chest" part2="waist"></NO_COLLISION>
		<NO_COLLISION part1="head" part2="head_tracking"></NO_COLLISION>
		<NO_COLLISION part1="head" part2="neck"></NO_COLLISION>
		<NO_COLLISION part1="head_tracking" part2="neck"></NO_COLLISION>
		<NO_COLLISION part1="hips" part2="lupleg"></NO_COLLISION>
		<NO_COLLISION part1="hips" part2="rupleg"></NO_COLLISION>
		<NO_COLLISION part1="lankle_r" part2="lloleg"></NO_COLLISION>
		<NO_COLLISION part1="lloarm" part2="luparm"></NO_COLLISION>
		<NO_COLLISION part1="lloleg" part2="lupleg"></NO_COLLISION>
		<NO_COLLISION part1="lshldr" part2="luparm"></NO_COLLISION>
		<NO_COLLISION part1="lshldr" part2="neck"></NO_COLLISION>
		<NO_COLLISION part1="lshldr" part2="shldrs"></NO_COLLISION>
		<NO_COLLISION part1="lupleg" part2="rupleg"></NO_COLLISION>
		<NO_COLLISION part1="neck" part2="shldrs"></NO_COLLISION>
		<NO_COLLISION part1="rankle_r" part2="rloleg"></NO_COLLISION>
		<NO_COLLISION part1="rloarm" part2="ruparm"></NO_COLLISION>
		<NO_COLLISION part1="rloleg" part2="rupleg"></NO_COLLISION>
		<NO_COLLISION part1="rot" part2="waist"></NO_COLLISION>
		<NO_COLLISION part1="rshldr" part2="ruparm"></NO_COLLISION>
		<NO_COLLISION part1="rshldr" part2="shldrs"></NO_COLLISION>
		<JOINT id="body" part1="body" part2="origin" type="ballandsocket">
			<POS1>0,0,0</POS1>
			<POS2>-3.195134e-006,-1.525973,-0.0511238</POS2>
			<PRIMARY_AXIS1>1,0,0</PRIMARY_AXIS1>
			<PRIMARY_AXIS2>-1,-2.294033e-005,-0.0001911672</PRIMARY_AXIS2>
			<ORTHOGONAL_AXIS1>0,1,0</ORTHOGONAL_AXIS1>
			<ORTHOGONAL_AXIS2>2.536551e-005,0.9685261,-0.248912</ORTHOGONAL_AXIS2>
		</JOINT>
		<JOINT id="chest" part1="chest" part2="waist" type="skeletal">
			<CONE_TYPE>2</CONE_TYPE>
			<CONE_HALF_ANGLE_X>0.3</CONE_HALF_ANGLE_X>
			<CONE_HALF_ANGLE_Y>0.3</CONE_HALF_ANGLE_Y>
			<CONE_STIFFNESS>1000</CONE_STIFFNESS>
			<CONE_DAMPING>1</CONE_DAMPING>
			<TWIST_TYPE>1</TWIST_TYPE>
			<TWIST_HALF_ANGLE>0.15</TWIST_HALF_ANGLE>
			<TWIST_STIFFNESS>1000</TWIST_STIFFNESS>
			<TWIST_DAMPING>1</TWIST_DAMPING>
			<POS1>0,0,0</POS1>
			<POS2>-4.513739e-008,-0.1301095,-2.067713e-008</POS2>
			<PRIMARY_AXIS1>1,0,0</PRIMARY_AXIS1>
			<PRIMARY_AXIS2>1,-9.012412e-007,2.723758e-008</PRIMARY_AXIS2>
			<ORTHOGONAL_AXIS1>0,1,0</ORTHOGONAL_AXIS1>
			<ORTHOGONAL_AXIS2>8.958821e-007,0.9965271,0.08326474</ORTHOGONAL_AXIS2>
		</JOINT>
		<JOINT id="head" part1="head" part2="head_tracking" type="skeletal">
			<CONE_TYPE>2</CONE_TYPE>
			<CONE_HALF_ANGLE_X>0.3</CONE_HALF_ANGLE_X>
			<CONE_HALF_ANGLE_Y>0.3</CONE_HALF_ANGLE_Y>
			<CONE_STIFFNESS>1000</CONE_STIFFNESS>
			<CONE_DAMPING>1</CONE_DAMPING>
			<TWIST_TYPE>2</TWIST_TYPE>
			<TWIST_HALF_ANGLE>1.570796</TWIST_HALF_ANGLE>
			<TWIST_STIFFNESS>1000</TWIST_STIFFNESS>
			<TWIST_DAMPING>1</TWIST_DAMPING>
			<POS1>0,0,0</POS1>
			<POS2>5.433999e-009,-0.07254409,0.09643108</POS2>
			<PRIMARY_AXIS1>1,0,0</PRIMARY_AXIS1>
			<PRIMARY_AXIS2>-0.7902161,0.4084013,0.4569104</PRIMARY_AXIS2>
			<ORTHOGONAL_AXIS1>0,1,0</ORTHOGONAL_AXIS1>
			<ORTHOGONAL_AXIS2>0.5974181,0.3472242,0.7228605</ORTHOGONAL_AXIS2>
		</JOINT>
		<JOINT id="head_tracking" part1="head_tracking" part2="neck" type="skeletal">
			<CONE_TYPE>2</CONE_TYPE>
			<CONE_HALF_ANGLE_X>0.3</CONE_HALF_ANGLE_X>
			<CONE_HALF_ANGLE_Y>0.3</CONE_HALF_ANGLE_Y>
			<CONE_STIFFNESS>1000</CONE_STIFFNESS>
			<CONE_DAMPING>1</CONE_DAMPING>
			<TWIST_TYPE>1</TWIST_TYPE>
			<TWIST_HALF_ANGLE>0.3</TWIST_HALF_ANGLE>
			<TWIST_STIFFNESS>1000</TWIST_STIFFNESS>
			<TWIST_DAMPING>1</TWIST_DAMPING>
			<POS1>0,0,0</POS1>
			<POS2>-2.414881e-008,-0.06121185,6.282576e-008</POS2>
			<PRIMARY_AXIS1>1,0,0</PRIMARY_AXIS1>
			<PRIMARY_AXIS2>-0.9999999,-0.0002442321,-0.0005584908</PRIMARY_AXIS2>
			<ORTHOGONAL_AXIS1>0,1,0</ORTHOGONAL_AXIS1>
			<ORTHOGONAL_AXIS2>0.0002449704,0.6779546,-0.735103</ORTHOGONAL_AXIS2>
		</JOINT>
		<JOINT id="hips" part1="hips" part2="body" type="skeletal">
			<CONE_TYPE>2</CONE_TYPE>
			<CONE_HALF_ANGLE_X>0.3</CONE_HALF_ANGLE_X>
			<CONE_HALF_ANGLE_Y>0.3</CONE_HALF_ANGLE_Y>
			<CONE_STIFFNESS>1000</CONE_STIFFNESS>
			<CONE_DAMPING>1</CONE_DAMPING>
			<TWIST_TYPE>2</TWIST_TYPE>
			<TWIST_HALF_ANGLE>1.570796</TWIST_HALF_ANGLE>
			<TWIST_STIFFNESS>1000</TWIST_STIFFNESS>
			<TWIST_DAMPING>1</TWIST_DAMPING>
			<POS1>0,0,0</POS1>
			<POS2>6.539222e-005,0.07755508,-0.03492156</POS2>
			<PRIMARY_AXIS1>1,0,0</PRIMARY_AXIS1>
			<PRIMARY_AXIS2>-0.9999999,-3.706326e-005,-0.0004728795</PRIMARY_AXIS2>
			<ORTHOGONAL_AXIS1>0,1,0</ORTHOGONAL_AXIS1>
			<ORTHOGONAL_AXIS2>3.601376e-005,0.9881322,-0.153606</ORTHOGONAL_AXIS2>
		</JOINT>
		<JOINT id="lankle_r" part1="lankle_r" part2="lloleg" type="skeletal">
			<CONE_TYPE>2</CONE_TYPE>
			<CONE_HALF_ANGLE_X>0.5</CONE_HALF_ANGLE_X>
			<CONE_HALF_ANGLE_Y>0.5</CONE_HALF_ANGLE_Y>
			<CONE_STIFFNESS>1000</CONE_STIFFNESS>
			<CONE_DAMPING>1</CONE_DAMPING>
			<TWIST_TYPE>1</TWIST_TYPE>
			<TWIST_HALF_ANGLE>0.2</TWIST_HALF_ANGLE>
			<TWIST_STIFFNESS>1000</TWIST_STIFFNESS>
			<TWIST_DAMPING>1</TWIST_DAMPING>
			<POS1>0,0,0</POS1>
			<POS2>-1.16875e-007,-0.6510339,1.31608e-007</POS2>
			<PRIMARY_AXIS1>1,0,0</PRIMARY_AXIS1>
			<PRIMARY_AXIS2>-0.4112263,0.1770612,-0.8941713</PRIMARY_AXIS2>
			<ORTHOGONAL_AXIS1>0,1,0</ORTHOGONAL_AXIS1>
			<ORTHOGONAL_AXIS2>-0.7004793,0.5663225,0.4342897</ORTHOGONAL_AXIS2>
		</JOINT>
		<JOINT id="lloarm" part1="lloarm" part2="luparm" type="hinge">
			<HIGH_LIMIT>0</HIGH_LIMIT>
			<LOW_LIMIT>-2</LOW_LIMIT>
			<HIGH_STIFFNESS>1000</HIGH_STIFFNESS>
			<LOW_STIFFNESS>1000</LOW_STIFFNESS>
			<LIMITED>1</LIMITED>
			<MOTORIZED>0</MOTORIZED>
			<DES_VEL>1</DES_VEL>
			<MAX_FORCE>1000</MAX_FORCE>
			<POS1>0,0,0</POS1>
			<POS2>-0.05212326,-0.3576774,0.01636836</POS2>
			<PRIMARY_AXIS1>0.2588189,0,-0.9659258</PRIMARY_AXIS1>
			<PRIMARY_AXIS2>0.04912109,-0.01899048,-0.9986118</PRIMARY_AXIS2>
			<ORTHOGONAL_AXIS1>0,1,0</ORTHOGONAL_AXIS1>
			<ORTHOGONAL_AXIS2>-0.3619611,0.9315163,-0.0355195</ORTHOGONAL_AXIS2>
		</JOINT>
		<JOINT id="lloleg" part1="lloleg" part2="lupleg" type="hinge">
			<HIGH_LIMIT>0</HIGH_LIMIT>
			<LOW_LIMIT>-2.5</LOW_LIMIT>
			<HIGH_STIFFNESS>1000</HIGH_STIFFNESS>
			<LOW_STIFFNESS>1000</LOW_STIFFNESS>
			<LIMITED>1</LIMITED>
			<MOTORIZED>0</MOTORIZED>
			<DES_VEL>1</DES_VEL>
			<MAX_FORCE>1000</MAX_FORCE>
			<POS1>0,0,0</POS1>
			<POS2>2.204931e-007,-0.5914875,1.529043e-007</POS2>
			<PRIMARY_AXIS1>0.6427876,0,0.7660445</PRIMARY_AXIS1>
			<PRIMARY_AXIS2>-0.5578434,-0.01008955,0.8298849</PRIMARY_AXIS2>
			<ORTHOGONAL_AXIS1>0,1,0</ORTHOGONAL_AXIS1>
			<ORTHOGONAL_AXIS2>0.1922573,0.9711563,0.1410412</ORTHOGONAL_AXIS2>
		</JOINT>
		<JOINT id="lshldr" part1="lshldr" part2="shldrs" type="skeletal">
			<CONE_TYPE>2</CONE_TYPE>
			<CONE_HALF_ANGLE_X>0.3</CONE_HALF_ANGLE_X>
			<CONE_HALF_ANGLE_Y>0.3</CONE_HALF_ANGLE_Y>
			<CONE_STIFFNESS>1000</CONE_STIFFNESS>
			<CONE_DAMPING>1</CONE_DAMPING>
			<TWIST_TYPE>2</TWIST_TYPE>
			<TWIST_HALF_ANGLE>1.570796</TWIST_HALF_ANGLE>
			<TWIST_STIFFNESS>1000</TWIST_STIFFNESS>
			<TWIST_DAMPING>1</TWIST_DAMPING>
			<POS1>0,0,0</POS1>
			<POS2>-0.09515332,0.03402344,-0.05512479</POS2>
			<PRIMARY_AXIS1>1,0,0</PRIMARY_AXIS1>
			<PRIMARY_AXIS2>-9.829119e-008,-0.5214499,-0.8532824</PRIMARY_AXIS2>
			<ORTHOGONAL_AXIS1>0,1,0</ORTHOGONAL_AXIS1>
			<ORTHOGONAL_AXIS2>0.9948403,0.08656811,-0.05290282</ORTHOGONAL_AXIS2>
		</JOINT>
		<JOINT id="luparm" part1="luparm" part2="lshldr" type="skeletal">
			<CONE_TYPE>2</CONE_TYPE>
			<CONE_HALF_ANGLE_X>1.5</CONE_HALF_ANGLE_X>
			<CONE_HALF_ANGLE_Y>1.5</CONE_HALF_ANGLE_Y>
			<CONE_STIFFNESS>1000</CONE_STIFFNESS>
			<CONE_DAMPING>1</CONE_DAMPING>
			<TWIST_TYPE>1</TWIST_TYPE>
			<TWIST_HALF_ANGLE>0.5</TWIST_HALF_ANGLE>
			<TWIST_STIFFNESS>1000</TWIST_STIFFNESS>
			<TWIST_DAMPING>1</TWIST_DAMPING>
			<POS1>0,0,0</POS1>
			<POS2>-2.250594e-007,-0.1446039,-0.0004806423</POS2>
			<PRIMARY_AXIS1>1,0,0</PRIMARY_AXIS1>
			<PRIMARY_AXIS2>0.9957581,-0.03455631,-0.0852798</PRIMARY_AXIS2>
			<ORTHOGONAL_AXIS1>0,1,0</ORTHOGONAL_AXIS1>
			<ORTHOGONAL_AXIS2>0.08010842,0.7815441,0.6186852</ORTHOGONAL_AXIS2>
		</JOINT>
		<JOINT id="lupleg" part1="lupleg" part2="hips" type="skeletal">
			<CONE_TYPE>2</CONE_TYPE>
			<CONE_HALF_ANGLE_X>0.7</CONE_HALF_ANGLE_X>
			<CONE_HALF_ANGLE_Y>1.9</CONE_HALF_ANGLE_Y>
			<CONE_STIFFNESS>1000</CONE_STIFFNESS>
			<CONE_DAMPING>1</CONE_DAMPING>
			<TWIST_TYPE>1</TWIST_TYPE>
			<TWIST_HALF_ANGLE>0.25</TWIST_HALF_ANGLE>
			<TWIST_STIFFNESS>1000</TWIST_STIFFNESS>
			<TWIST_DAMPING>1</TWIST_DAMPING>
			<POS1>0,0,0</POS1>
			<POS2>0.1084346,0.08278744,-0.01306347</POS2>
			<PRIMARY_AXIS1>1,0,0</PRIMARY_AXIS1>
			<PRIMARY_AXIS2>-0.5971603,-0.0839349,0.7977183</PRIMARY_AXIS2>
			<ORTHOGONAL_AXIS1>0,1,0</ORTHOGONAL_AXIS1>
			<ORTHOGONAL_AXIS2>-0.1536281,-0.9641309,-0.2164484</ORTHOGONAL_AXIS2>
		</JOINT>
		<JOINT id="neck" part1="neck" part2="shldrs" type="skeletal">
			<CONE_TYPE>2</CONE_TYPE>
			<CONE_HALF_ANGLE_X>0.3</CONE_HALF_ANGLE_X>
			<CONE_HALF_ANGLE_Y>0.3</CONE_HALF_ANGLE_Y>
			<CONE_STIFFNESS>1000</CONE_STIFFNESS>
			<CONE_DAMPING>1</CONE_DAMPING>
			<TWIST_TYPE>1</TWIST_TYPE>
			<TWIST_HALF_ANGLE>0.3</TWIST_HALF_ANGLE>
			<TWIST_STIFFNESS>1000</TWIST_STIFFNESS>
			<TWIST_DAMPING>1</TWIST_DAMPING>
			<POS1>0,0,0</POS1>
			<POS2>-3.265544e-008,-0.0708882,0.0002713601</POS2>
			<PRIMARY_AXIS1>1,0,0</PRIMARY_AXIS1>
			<PRIMARY_AXIS2>1,-3.533254e-009,1.127249e-007</PRIMARY_AXIS2>
			<ORTHOGONAL_AXIS1>0,1,0</ORTHOGONAL_AXIS1>
			<ORTHOGONAL_AXIS2>-3.819982e-008,0.9298748,0.3678762</ORTHOGONAL_AXIS2>
		</JOINT>
		<JOINT id="rankle_r" part1="rankle_r" part2="rloleg" type="skeletal">
			<CONE_TYPE>2</CONE_TYPE>
			<CONE_HALF_ANGLE_X>0.5</CONE_HALF_ANGLE_X>
			<CONE_HALF_ANGLE_Y>0.5</CONE_HALF_ANGLE_Y>
			<CONE_STIFFNESS>1000</CONE_STIFFNESS>
			<CONE_DAMPING>1</CONE_DAMPING>
			<TWIST_TYPE>1</TWIST_TYPE>
			<TWIST_HALF_ANGLE>0.2</TWIST_HALF_ANGLE>
			<TWIST_STIFFNESS>1000</TWIST_STIFFNESS>
			<TWIST_DAMPING>1</TWIST_DAMPING>
			<POS1>0,0,0</POS1>
			<POS2>-1.404507e-007,-0.6510344,2.373595e-007</POS2>
			<PRIMARY_AXIS1>1,0,0</PRIMARY_AXIS1>
			<PRIMARY_AXIS2>-0.4112322,-0.1770606,0.8941686</PRIMARY_AXIS2>
			<ORTHOGONAL_AXIS1>0,1,0</ORTHOGONAL_AXIS1>
			<ORTHOGONAL_AXIS2>0.7004774,0.5663216,0.4342943</ORTHOGONAL_AXIS2>
		</JOINT>
		<JOINT id="rloarm" part1="rloarm" part2="ruparm" type="hinge">
			<HIGH_LIMIT>2</HIGH_LIMIT>
			<LOW_LIMIT>0</LOW_LIMIT>
			<HIGH_STIFFNESS>1000</HIGH_STIFFNESS>
			<LOW_STIFFNESS>1000</LOW_STIFFNESS>
			<LIMITED>1</LIMITED>
			<MOTORIZED>0</MOTORIZED>
			<DES_VEL>1</DES_VEL>
			<MAX_FORCE>1000</MAX_FORCE>
			<POS1>0,0,0</POS1>
			<POS2>0.0512448,-0.3682436,0.02330087</POS2>
			<PRIMARY_AXIS1>-0.2588192,0,-0.9659258</PRIMARY_AXIS1>
			<PRIMARY_AXIS2>-0.05372519,-0.01863083,-0.9983817</PRIMARY_AXIS2>
			<ORTHOGONAL_AXIS1>0,1,0</ORTHOGONAL_AXIS1>
			<ORTHOGONAL_AXIS2>0.3586647,0.9327446,-0.03670659</ORTHOGONAL_AXIS2>
		</JOINT>
		<JOINT id="rloleg" part1="rloleg" part2="rupleg" type="hinge">
			<HIGH_LIMIT>0</HIGH_LIMIT>
			<LOW_LIMIT>-2.5</LOW_LIMIT>
			<HIGH_STIFFNESS>1000</HIGH_STIFFNESS>
			<LOW_STIFFNESS>1000</LOW_STIFFNESS>
			<LIMITED>1</LIMITED>
			<MOTORIZED>0</MOTORIZED>
			<DES_VEL>1</DES_VEL>
			<MAX_FORCE>1000</MAX_FORCE>
			<POS1>0,0,0</POS1>
			<POS2>-1.392745e-007,-0.5914885,1.640077e-007</POS2>
			<PRIMARY_AXIS1>0.5735764,0,-0.8191521</PRIMARY_AXIS1>
			<PRIMARY_AXIS2>-0.6260841,-0.01071196,-0.7796819</PRIMARY_AXIS2>
			<ORTHOGONAL_AXIS1>0,0.9999999,0</ORTHOGONAL_AXIS1>
			<ORTHOGONAL_AXIS2>-0.1922578,0.9711562,0.1410403</ORTHOGONAL_AXIS2>
		</JOINT>
		<JOINT id="rot" part1="rot" part2="body" type="hinge">
			<HIGH_LIMIT>0</HIGH_LIMIT>
			<LOW_LIMIT>0</LOW_LIMIT>
			<HIGH_STIFFNESS>1000</HIGH_STIFFNESS>
			<LOW_STIFFNESS>1000</LOW_STIFFNESS>
			<LIMITED>1</LIMITED>
			<MOTORIZED>0</MOTORIZED>
			<DES_VEL>0.1</DES_VEL>
			<MAX_FORCE>500</MAX_FORCE>
			<POS1>0,0,0</POS1>
			<POS2>-7.976471e-007,1.465218,-0.4293478</POS2>
			<PRIMARY_AXIS1>1,0,0</PRIMARY_AXIS1>
			<PRIMARY_AXIS2>1,4.501463e-007,-4.389796e-007</PRIMARY_AXIS2>
			<ORTHOGONAL_AXIS1>0,1,0</ORTHOGONAL_AXIS1>
			<ORTHOGONAL_AXIS2>3.130991e-007,0.2489123,0.9685261</ORTHOGONAL_AXIS2>
		</JOINT>
		<JOINT id="rshldr" part1="rshldr" part2="shldrs" type="skeletal">
			<CONE_TYPE>2</CONE_TYPE>
			<CONE_HALF_ANGLE_X>0.3</CONE_HALF_ANGLE_X>
			<CONE_HALF_ANGLE_Y>0.3</CONE_HALF_ANGLE_Y>
			<CONE_STIFFNESS>1000</CONE_STIFFNESS>
			<CONE_DAMPING>1</CONE_DAMPING>
			<TWIST_TYPE>2</TWIST_TYPE>
			<TWIST_HALF_ANGLE>1.570796</TWIST_HALF_ANGLE>
			<TWIST_STIFFNESS>1000</TWIST_STIFFNESS>
			<TWIST_DAMPING>1</TWIST_DAMPING>
			<POS1>0,0,0</POS1>
			<POS2>0.09868069,0.0329183,-0.05444917</POS2>
			<PRIMARY_AXIS1>1,0,0</PRIMARY_AXIS1>
			<PRIMARY_AXIS2>5.136578e-005,0.5214488,0.853283</PRIMARY_AXIS2>
			<ORTHOGONAL_AXIS1>0,1,0</ORTHOGONAL_AXIS1>
			<ORTHOGONAL_AXIS2>-0.9958351,0.07782263,-0.04749816</ORTHOGONAL_AXIS2>
		</JOINT>
		<JOINT id="ruparm" part1="ruparm" part2="rshldr" type="skeletal">
			<CONE_TYPE>2</CONE_TYPE>
			<CONE_HALF_ANGLE_X>1.5</CONE_HALF_ANGLE_X>
			<CONE_HALF_ANGLE_Y>1.5</CONE_HALF_ANGLE_Y>
			<CONE_STIFFNESS>1000</CONE_STIFFNESS>
			<CONE_DAMPING>1</CONE_DAMPING>
			<TWIST_TYPE>1</TWIST_TYPE>
			<TWIST_HALF_ANGLE>0.5</TWIST_HALF_ANGLE>
			<TWIST_STIFFNESS>1000</TWIST_STIFFNESS>
			<TWIST_DAMPING>1</TWIST_DAMPING>
			<POS1>0,0,0</POS1>
			<POS2>6.578727e-006,-0.1283557,0.001200184</POS2>
			<PRIMARY_AXIS1>1,0,0</PRIMARY_AXIS1>
			<PRIMARY_AXIS2>0.9959276,0.05712444,0.06975529</PRIMARY_AXIS2>
			<ORTHOGONAL_AXIS1>0,1,0</ORTHOGONAL_AXIS1>
			<ORTHOGONAL_AXIS2>-0.0879695,0.7852066,0.6129535</ORTHOGONAL_AXIS2>
		</JOINT>
		<JOINT id="rupleg" part1="rupleg" part2="hips" type="skeletal">
			<CONE_TYPE>2</CONE_TYPE>
			<CONE_HALF_ANGLE_X>0.7</CONE_HALF_ANGLE_X>
			<CONE_HALF_ANGLE_Y>1.9</CONE_HALF_ANGLE_Y>
			<CONE_STIFFNESS>1000</CONE_STIFFNESS>
			<CONE_DAMPING>1</CONE_DAMPING>
			<TWIST_TYPE>1</TWIST_TYPE>
			<TWIST_HALF_ANGLE>0.25</TWIST_HALF_ANGLE>
			<TWIST_STIFFNESS>1000</TWIST_STIFFNESS>
			<TWIST_DAMPING>1</TWIST_DAMPING>
			<POS1>0,0,0</POS1>
			<POS2>-0.1084345,0.08278663,-0.01306356</POS2>
			<PRIMARY_AXIS1>1,0,0</PRIMARY_AXIS1>
			<PRIMARY_AXIS2>-0.597157,0.08393721,-0.7977206</PRIMARY_AXIS2>
			<ORTHOGONAL_AXIS1>0,1,0</ORTHOGONAL_AXIS1>
			<ORTHOGONAL_AXIS2>0.1536267,-0.9641311,-0.2164489</ORTHOGONAL_AXIS2>
		</JOINT>
		<JOINT id="shldrs" part1="shldrs" part2="chest" type="skeletal">
			<CONE_TYPE>2</CONE_TYPE>
			<CONE_HALF_ANGLE_X>0.3</CONE_HALF_ANGLE_X>
			<CONE_HALF_ANGLE_Y>0.3</CONE_HALF_ANGLE_Y>
			<CONE_STIFFNESS>1000</CONE_STIFFNESS>
